0.946044 0.006678
0.789764 0.015344
0.884941 0.018445
0.906219 0.023215
0.953162 0.020910
1.090633 0.023136
1.086844 0.021625
1.225877 0.018842
1.247137 0.016139
1.251405 0.020114
1.296101 0.021546
1.336866 0.027031
1.375045 0.027747
1.377852 0.025521
1.362021 0.026554
1.313241 0.032835
1.362677 0.029019
1.401865 0.031404
1.438889 0.030768
1.396528 0.027747
1.438476 0.025680
1.435690 0.027985
1.435426 0.028065
1.418780 0.029416
1.435842 0.027747
1.425637 0.029019
1.417868 0.030689
1.423404 0.031007
1.433648 0.030291
1.412876 0.028383
1.438538 0.025680
1.440853 0.028780
1.491477 0.027826
1.459219 0.028780
1.474827 0.030052
1.479455 0.031643
1.462260 0.031404
1.499149 0.031404
1.472813 0.028860
1.491858 0.028462
1.448558 0.027667
1.475638 0.025044
1.442981 0.024885
1.494787 0.028144
1.476884 0.027429
1.474149 0.025521
1.495122 0.025282
1.471631 0.027111
1.489940 0.027429
1.495565 0.027588
1.496300 0.026634
1.476233 0.025203
1.464353 0.026793
1.476663 0.027667
1.489405 0.026554
1.501094 0.027508
1.485490 0.026952
1.506687 0.026952
1.518494 0.026713
1.490495 0.024487
1.489776 0.025044
1.501697 0.026316
1.481004 0.023056
1.474227 0.020751
1.456188 0.024726
1.465158 0.023851
1.458647 0.024408
1.460689 0.022579
1.458786 0.021943
1.450680 0.022659
1.462638 0.020671
1.441429 0.022579
1.422625 0.023931
1.416174 0.023215
1.415576 0.024010
1.406377 0.022102
1.408546 0.021307
1.407555 0.022261
1.408469 0.021069
1.409290 0.019876
1.396099 0.018842
1.400810 0.018604
1.407997 0.020194
1.395818 0.019558
1.399982 0.018922
1.396481 0.019240
1.396052 0.018922
1.401969 0.019240
1.397944 0.019955
1.382171 0.020114
1.385724 0.019399
1.378318 0.020830
1.387295 0.020433
1.380658 0.020830
1.395576 0.022500
1.379775 0.022182
1.375579 0.021546
1.377570 0.021705
1.375670 0.021625
1.377436 0.020910
1.373351 0.021069
1.376197 0.021546
1.377083 0.020989
1.371354 0.019717
1.372796 0.020592
1.362428 0.020910
1.376341 0.021307
1.374912 0.021307
1.371764 0.020353
1.369261 0.020671
1.366522 0.020592
1.366811 0.021387
1.368303 0.020194
1.364233 0.020751
1.364918 0.020671
1.365585 0.020671
1.368571 0.021387
1.366166 0.021069
1.364639 0.021228
1.358229 0.022023
1.356499 0.022182
1.355583 0.022102
1.365239 0.021705
1.364909 0.021546
1.363289 0.022182
1.370203 0.021705
1.374117 0.021546
1.374586 0.022023
1.368844 0.022818
1.369551 0.021625
1.361782 0.021705
1.357373 0.020194
1.354330 0.022261
1.345553 0.021864
1.344821 0.020273
1.351245 0.020989
1.347371 0.020194
1.353545 0.019717
1.354463 0.019717
1.354261 0.019717
1.344414 0.019637
1.343273 0.019876
1.340858 0.020114
1.353342 0.020194
1.346300 0.020194
1.358609 0.019319
1.353182 0.019001
1.352569 0.019796
1.348108 0.019399
1.355636 0.020830
1.350567 0.021069
1.342216 0.020830
1.337071 0.020671
1.319467 0.023136
1.322057 0.023215
1.323146 0.023454
1.329587 0.022420
1.322974 0.022341
1.322240 0.022897
1.320855 0.022579
1.321689 0.022738
1.317974 0.023613
1.318204 0.023613
1.329784 0.023772
1.328088 0.024805
1.317035 0.025600
1.319754 0.024805
1.318605 0.024885
1.314422 0.024169
1.314147 0.024010
1.323676 0.023136
1.307740 0.025441
1.316534 0.026077
1.317078 0.025362
1.308704 0.026634
1.305631 0.026634
1.308114 0.026872
1.314534 0.026554
1.297393 0.026316
1.304437 0.025282
1.303051 0.025203
1.301449 0.025600
1.294893 0.024249
1.287883 0.022023
1.285547 0.023056
1.276887 0.022102
1.282485 0.022023
1.270218 0.023295
1.277656 0.021784
1.273559 0.022579
1.272248 0.021705
1.280846 0.020910
1.280922 0.020830
1.280153 0.021705
1.266921 0.021387
1.271216 0.020751
1.264839 0.020910
1.267169 0.020353
1.263571 0.019558
1.254782 0.021307
1.239594 0.020273
1.261936 0.020671
1.242884 0.020273
1.241842 0.020751
1.240183 0.020433
1.236558 0.020512
1.237426 0.019319
1.243492 0.020114
1.246535 0.019160
1.235898 0.019319
1.233826 0.019001
1.240314 0.019717
1.227072 0.019478
1.226244 0.019717
1.242643 0.020592
1.232375 0.020114
1.231706 0.020592
1.234962 0.018683
1.229336 0.019160
1.237978 0.018127
1.242544 0.018365
1.228813 0.020353
1.238275 0.020035
1.234733 0.017809
1.236839 0.018365
1.244267 0.018524
1.236884 0.019717
1.240322 0.019478
1.238835 0.020194
1.226421 0.018524
1.230608 0.017491
1.243101 0.017968
1.244522 0.017252
1.229264 0.017809
1.223581 0.018365
1.212781 0.019160
1.222273 0.018524
1.222703 0.017570
1.234297 0.016219
1.226201 0.018604
1.247343 0.017014
1.260449 0.018127
1.254466 0.018604
1.231047 0.019717
1.206999 0.018842
1.196728 0.018445
1.223096 0.018286
1.234003 0.016219
1.230304 0.017173
1.234548 0.018047
1.225150 0.015503
1.200918 0.017968
1.216756 0.016696
1.213154 0.016696
1.206794 0.015185
1.213717 0.016139
1.231556 0.016298
1.235092 0.017411
1.212801 0.015583
1.227470 0.016219
1.219182 0.018604
1.232502 0.016775
1.216559 0.015662
1.240920 0.015424
1.236432 0.015901
1.222118 0.015265
1.219796 0.018286
1.216860 0.018206
1.225286 0.020433
1.224086 0.018524
1.230859 0.018047
1.226572 0.018206
1.236289 0.018286
1.227819 0.019160
1.231611 0.018286
1.228562 0.018604
1.221148 0.018365
1.226059 0.017252
1.250919 0.018604
1.219550 0.018206
1.215685 0.017968
1.204584 0.018524
1.212892 0.018683
1.198383 0.019081
1.229771 0.018127
1.202372 0.018445
1.209847 0.019478
1.194862 0.019876
1.213875 0.019319
1.210761 0.020114
1.222287 0.021228
1.204734 0.019319
1.198808 0.020114
1.210048 0.021228
1.187603 0.020671
1.192259 0.020035
1.201180 0.018922
1.190363 0.020433
1.187185 0.018286
1.213404 0.020194
1.192430 0.019001
1.188651 0.018524
1.181170 0.019319
1.185540 0.019160
1.189572 0.019478
1.205763 0.020830
1.210836 0.019796
1.186804 0.018604
1.193457 0.018763
1.193947 0.018763
1.192231 0.018365
1.186742 0.018842
1.186820 0.018365
1.181356 0.017650
1.179436 0.019558
1.192029 0.017729
1.190556 0.016616
1.197257 0.017968
1.180018 0.017252
1.180319 0.017650
1.196100 0.017014
1.193413 0.017332
1.190381 0.017173
1.185947 0.017411
1.197022 0.017570
1.193026 0.017729
1.195918 0.018286
1.198771 0.018683
1.180393 0.018763
1.180583 0.018445
1.196011 0.018763
1.179659 0.019478
1.183626 0.019637
1.168236 0.019796
1.190236 0.017809
1.181142 0.019955
1.173940 0.018922
1.180129 0.019001
1.166358 0.017809
1.188123 0.018047
1.176055 0.017491
1.173742 0.017411
1.181320 0.017093
1.186206 0.019558
1.164119 0.016775
1.169564 0.016616
1.157504 0.017570
1.182988 0.017332
1.182731 0.018206
1.193609 0.018047
1.161874 0.017809
1.159725 0.016139
1.159019 0.017968
1.176426 0.017093
1.162241 0.017729
1.154406 0.017173
1.159984 0.017570
1.162053 0.017491
1.159494 0.018683
1.141205 0.017411
1.144169 0.018127
1.134981 0.016696
1.170728 0.018604
1.160520 0.020353
1.150467 0.019319
1.118305 0.018445
1.117625 0.017491
1.134259 0.018206
1.123094 0.017332
1.131102 0.018922
1.141465 0.017809
1.134930 0.017411
1.126992 0.016378
1.146672 0.016696
1.126665 0.017809
1.134699 0.016616
1.118496 0.017411
1.118772 0.016855
1.099873 0.016457
1.127071 0.017252
1.114562 0.015980
1.117557 0.015742
1.109400 0.016378
1.110336 0.016219
1.112820 0.017729
1.126826 0.016775
1.112344 0.016378
1.116132 0.015662
1.112669 0.015106
1.102175 0.016378
1.103622 0.014311
1.094210 0.016060
1.093161 0.016139
1.107641 0.016457
1.103405 0.016060
1.096489 0.018445
1.095507 0.018206
1.117013 0.018922
1.101094 0.019717
1.097470 0.020433
1.106202 0.019160
1.088413 0.016934
1.082105 0.019558
1.092204 0.018604
1.090896 0.020830
1.108863 0.019717
1.105088 0.023851
1.085362 0.019876
1.091523 0.019637
1.088234 0.023215
1.086285 0.022341
1.080065 0.020512
1.100018 0.019955
1.094301 0.021943
1.096294 0.020910
1.080759 0.023295
1.087200 0.022659
1.089488 0.024328
1.103530 0.023613
1.102735 0.024090
1.104683 0.025044
1.091431 0.022818
1.081160 0.022579
1.096168 0.022261
1.098996 0.022500
1.091809 0.023851
1.098676 0.021784
1.079064 0.023454
1.082363 0.022102
1.078141 0.022659
1.084521 0.023056
1.077270 0.023056
1.090928 0.022659
1.066846 0.023056
1.070775 0.023931
1.079051 0.023533
1.086187 0.022579
1.073879 0.025918
1.085728 0.024964
1.079131 0.025680
1.062181 0.024964
1.048395 0.025123
1.055872 0.025521
1.046200 0.024010
1.063635 0.025600
1.052574 0.024328
1.051470 0.025123
1.051417 0.024169
1.081359 0.024805
1.051266 0.024328
1.057753 0.024646
1.043098 0.024885
1.041434 0.024805
1.045768 0.025441
1.050604 0.025759
1.047865 0.024487
1.040929 0.024646
1.077357 0.025362
1.063418 0.025918
1.043545 0.026634
1.052549 0.026157
1.048635 0.026316
1.057591 0.027190
1.043474 0.024408
1.039138 0.024885
1.041672 0.024885
1.045208 0.025600
1.041999 0.025600
1.040310 0.025441
1.052283 0.025759
1.044808 0.024805
1.053981 0.024646
1.050323 0.025680
1.057425 0.026316
1.054660 0.025839
1.055316 0.025362
1.060947 0.024885
1.050013 0.024567
1.046029 0.026634
1.050103 0.025203
1.049730 0.024805
1.063088 0.025123
1.060686 0.025282
1.052253 0.025203
1.046266 0.026793
1.043123 0.026793
1.038079 0.025362
1.044544 0.026077
1.033742 0.026793
1.037445 0.026713
1.034480 0.026475
1.019176 0.026475
1.035603 0.025839
1.046532 0.026077
1.047465 0.025680
1.026779 0.025203
1.024553 0.025203
1.036749 0.024487
1.028175 0.024408
1.046044 0.024726
1.027332 0.024487
1.032937 0.025441
1.032099 0.026793
1.048365 0.025680
1.026904 0.025203
1.046507 0.023931
1.034184 0.023533
1.050620 0.024567
1.054176 0.024408
1.039016 0.025203
1.049827 0.027508
1.023137 0.026713
1.025881 0.024567
1.054377 0.025203
1.033579 0.025521
1.018164 0.025362
1.029425 0.025759
1.026570 0.025362
1.026004 0.024328
1.040688 0.025680
1.059030 0.025044
1.052712 0.027190
1.032553 0.026634
1.028317 0.024805
1.042198 0.025123
1.039101 0.026316
1.057135 0.026872
1.051290 0.026395
1.035554 0.027429
1.032144 0.027985
1.039043 0.026952
1.023194 0.027031
1.039491 0.027588
1.039085 0.027349
1.020342 0.025839
1.038996 0.024487
1.036211 0.027111
1.051841 0.025521
1.033258 0.024487
1.030542 0.024169
1.029215 0.025441
1.021099 0.024408
1.022312 0.025441
1.013906 0.025203
1.019885 0.025600
1.013325 0.025203
1.028848 0.025044
1.026004 0.025362
1.008378 0.025918
1.020283 0.026872
1.035961 0.027508
1.017790 0.026157
1.016035 0.027349
1.020232 0.026316
1.031007 0.027270
1.019738 0.025918
1.029017 0.025362
1.049883 0.028065
1.037893 0.027588
1.033515 0.025203
1.024121 0.025759
1.025345 0.027031
1.013454 0.027111
1.014833 0.026395
1.014941 0.027588
1.018816 0.026395
1.013423 0.026157
1.013594 0.027349
1.022351 0.027588
1.007768 0.026793
1.029977 0.027111
1.023655 0.026554
1.021367 0.027349
1.019422 0.025918
1.020592 0.028224
1.022440 0.027667
1.020687 0.027906
1.019233 0.028701
1.021323 0.029257
1.025123 0.028780
1.031987 0.029655
1.019157 0.028144
1.029129 0.029019
1.032063 0.028462
1.035039 0.028303
1.026903 0.028621
1.021891 0.029337
1.031581 0.027111
1.026457 0.027031
1.041442 0.028860
1.025563 0.027826
1.044510 0.029814
1.019359 0.029098
1.014908 0.027111
1.024801 0.027826
1.024940 0.028065
1.020106 0.027826
1.010514 0.027270
1.024843 0.027667
1.021131 0.028303
1.026312 0.027270
1.023654 0.027190
1.024100 0.027747
1.020523 0.026952
1.014745 0.026316
1.007045 0.024964
1.017487 0.025918
1.020154 0.026236
1.027993 0.026077
1.030030 0.025998
1.032205 0.026713
1.004415 0.026713
1.011896 0.026713
1.007286 0.027906
1.013529 0.026952
1.009744 0.027826
1.001279 0.027667
1.011899 0.028462
0.999145 0.026554
1.015429 0.027429
1.007188 0.027747
1.020407 0.028144
1.038892 0.028224
1.025543 0.027747
1.019181 0.028701
1.018812 0.029655
1.017390 0.029178
1.003266 0.027906
1.004200 0.028621
1.009893 0.028542
0.999014 0.029655
1.002940 0.028303
1.016332 0.028542
1.014809 0.028383
1.004913 0.028939
1.004865 0.029734
1.022199 0.028303
1.030931 0.028701
1.012564 0.029655
1.016403 0.028144
1.025733 0.026952
1.014322 0.027508
1.022223 0.026157
1.013995 0.027747
1.008791 0.028701
1.003283 0.027747
0.997152 0.027031
0.999357 0.027508
0.990901 0.027349
0.996762 0.027429
1.001310 0.027985
0.997393 0.028065
0.992031 0.027190
0.998196 0.027429
0.985113 0.028860
1.002132 0.027349
1.002815 0.028621
0.995218 0.027349
0.995620 0.028224
0.986708 0.027270
0.979455 0.027190
1.001248 0.026316
0.995858 0.027429
0.991547 0.026872
0.987107 0.027508
1.009721 0.028144
0.989481 0.027111
1.003049 0.026554
0.984680 0.025441
0.979152 0.027429
0.964436 0.027031
0.980668 0.027747
0.967506 0.029575
0.980650 0.028780
0.980164 0.026316
0.974979 0.027508
0.975687 0.026395
0.975964 0.025759
0.976506 0.027667
0.991436 0.025998
0.974077 0.026236
0.980696 0.026157
0.982028 0.027508
0.967296 0.027747
0.979807 0.026793
0.987967 0.026554
0.984618 0.026554
0.974020 0.025998
0.961426 0.026554
0.983706 0.024964
0.981252 0.026634
0.985392 0.027508
0.979229 0.026634
0.992043 0.026157
0.981944 0.025441
0.986809 0.027349
0.979128 0.026952
0.977779 0.027111
0.984469 0.025521
1.004897 0.025282
0.983010 0.025918
0.982088 0.025680
0.990067 0.025759
0.982795 0.025998
0.982551 0.025759
0.996844 0.026077
1.002328 0.025759
0.999519 0.024646
0.987524 0.028144
0.980736 0.025203
1.003354 0.026872
0.999165 0.027588
0.992961 0.028701
1.004143 0.028701
0.997060 0.028462
0.968536 0.026554
0.979686 0.027906
0.982979 0.026634
0.982208 0.026872
0.979705 0.027111
0.983490 0.027747
0.985703 0.027826
0.969051 0.028860
0.974373 0.027588
0.972998 0.027747
0.989531 0.025918
0.987277 0.025759
0.971783 0.029337
0.980184 0.027826
0.984283 0.027985
1.003533 0.026952
0.989961 0.027985
0.995088 0.027031
0.995568 0.027906
0.993551 0.028621
0.982222 0.028621
0.982379 0.028383
0.974912 0.028383
0.967285 0.028701
0.978766 0.029178
0.964992 0.030291
0.968516 0.028224
0.988015 0.027588
0.979873 0.029098
0.981164 0.028383
0.971314 0.029496
0.975787 0.029257
0.962545 0.029019
0.958956 0.028939
0.963485 0.028065
0.976049 0.028701
0.974749 0.028860
0.979435 0.028860
0.975585 0.030132
0.945387 0.028701
0.980424 0.027906
0.968510 0.028939
0.972799 0.028144
0.968460 0.028383
0.980649 0.027429
0.961853 0.027667
0.974416 0.027588
0.965175 0.027270
0.950615 0.027270
0.930963 0.028939
0.940051 0.027508
0.964717 0.027985
0.958325 0.027429
0.958357 0.029496
0.953047 0.029814
0.965965 0.028303
0.962151 0.027906
0.955176 0.027508
0.950119 0.027985
0.942729 0.029098
0.945267 0.029893
0.968707 0.028621
0.951947 0.027429
0.948536 0.026793
0.951769 0.028462
0.956269 0.028383
0.947269 0.028621
0.969862 0.027985
0.953956 0.028860
0.951430 0.029098
0.961013 0.029178
0.953196 0.028224
0.949251 0.031007
0.947406 0.029257
0.949146 0.028144
0.961230 0.028383
0.941508 0.029416
0.945162 0.029575
0.933297 0.028621
0.945009 0.029178
0.939007 0.027667
0.923159 0.029257
0.924390 0.027985
0.931124 0.029178
0.939782 0.027349
0.939948 0.027349
0.937885 0.027270
0.940724 0.028065
0.956481 0.028224
0.932603 0.029973
0.948100 0.029178
0.940907 0.028065
0.928361 0.029575
0.932695 0.029655
0.919966 0.028939
0.923603 0.028542
0.935172 0.029337
0.926270 0.028860
0.931189 0.028701
0.931292 0.028701
0.941600 0.029973
0.930299 0.028939
0.937753 0.029178
0.919581 0.031166
0.936843 0.029257
0.943595 0.029416
0.931809 0.028303
0.928427 0.027429
0.930831 0.030132
0.934281 0.029893
0.946675 0.029575
0.935846 0.031166
0.924831 0.031404
0.929392 0.031086
0.926318 0.029893
0.929327 0.031245
0.937984 0.029893
0.924169 0.029734
0.935323 0.030211
0.928451 0.029814
0.936985 0.029496
0.940056 0.030132
0.952097 0.030370
0.938305 0.029893
0.935511 0.030450
0.939956 0.031961
0.951453 0.032756
0.958007 0.031961
0.960190 0.031484
0.946882 0.030529
0.930110 0.030291
0.939592 0.030529
0.938339 0.030211
0.927930 0.031166
0.922610 0.031881
0.949802 0.030529
0.950161 0.031563
0.940665 0.031245
0.933517 0.031404
0.936195 0.031007
0.930051 0.030848
0.938523 0.030848
0.936224 0.031086
0.927019 0.030768
0.932383 0.029734
0.931303 0.029655
0.936068 0.029655
0.934624 0.029575
0.913118 0.029416
0.939817 0.029496
0.919984 0.029655
0.921195 0.028780
0.920683 0.030529
0.922693 0.030609
0.928686 0.030927
0.927372 0.031166
0.912217 0.030370
0.937236 0.030609
0.943633 0.030291
0.943256 0.031166
0.932283 0.031802
0.922610 0.031245
0.922739 0.031007
0.918422 0.031325
0.924619 0.031961
0.931549 0.032199
0.930412 0.031563
0.928664 0.031961
0.923084 0.032915
0.919795 0.031007
0.925302 0.032120
0.928552 0.031404
0.922133 0.032994
0.925366 0.033153
0.917275 0.033869
0.935269 0.032835
0.934981 0.031404
0.925958 0.033153
0.908850 0.031961
0.923112 0.031802
0.914363 0.031086
0.919150 0.030450
0.920549 0.030370
0.913839 0.032199
0.912692 0.032517
0.917770 0.030211
0.904505 0.031643
0.897764 0.031404
0.895728 0.031086
0.915447 0.033153
0.915896 0.030927
0.922528 0.032040
0.912188 0.032756
0.911079 0.029893
0.933327 0.031086
0.936780 0.033710
0.922016 0.032199
0.920448 0.031484
0.915267 0.031007
0.924439 0.032438
0.926238 0.033153
0.904307 0.032040
0.913507 0.030927
0.910637 0.032199
0.912420 0.032438
0.912818 0.032199
0.929716 0.031881
0.921866 0.032756
0.910633 0.031245
0.906516 0.030529
0.915469 0.031484
0.912349 0.031802
0.905046 0.030450
0.903281 0.029734
0.899951 0.029575
0.892983 0.029814
0.888460 0.029655
0.907499 0.032120
0.924161 0.031484
0.920543 0.031643
0.928248 0.032040
0.946327 0.033312
0.920164 0.031961
0.919349 0.031086
0.922243 0.031086
0.921441 0.031245
0.925465 0.032915
0.918866 0.033153
0.924428 0.032994
0.911076 0.030529
0.933224 0.033789
0.921557 0.034664
0.904661 0.033869
0.923469 0.033074
0.928890 0.033551
0.928062 0.033392
0.921546 0.033233
0.920607 0.032994
0.926573 0.035538
0.927437 0.034584
0.907546 0.035697
0.917038 0.033551
0.906174 0.034425
0.928915 0.033312
0.931370 0.033948
0.927740 0.033312
0.910501 0.034028
0.908295 0.034743
0.931476 0.032835
0.919682 0.034505
0.931468 0.034107
0.927902 0.033710
0.907079 0.033074
0.919773 0.033551
0.910742 0.033869
0.900858 0.033630
0.910584 0.033789
0.913468 0.032040
0.924077 0.033789
0.923996 0.032835
0.909608 0.033233
0.909143 0.032835
0.924746 0.032517
0.929505 0.031881
0.927985 0.031961
0.905104 0.033471
0.907213 0.034505
0.915150 0.034266
0.909046 0.034266
0.909667 0.034664
0.903887 0.035061
0.908573 0.034107
0.899931 0.036731
0.914863 0.035220
0.916295 0.034584
0.918016 0.034266
0.917839 0.034028
0.923225 0.034187
0.917631 0.034664
0.912581 0.031881
0.936713 0.032358
0.909715 0.033471
0.930989 0.033869
0.916355 0.033074
0.913475 0.032199
0.919687 0.033233
0.919478 0.032120
0.915685 0.031961
0.922975 0.030450
0.912254 0.032040
0.907885 0.032358
0.916576 0.032676
0.917098 0.031563
0.917658 0.033153
0.916557 0.033074
0.925749 0.033948
0.915255 0.032597
0.921455 0.033312
0.925643 0.034266
0.929180 0.033153
0.923365 0.032676
0.916462 0.034266
0.914811 0.033948
0.912605 0.034902
0.915994 0.033948
0.929118 0.033789
0.916170 0.032994
0.907030 0.032358
0.899693 0.032915
0.920804 0.032517
0.932201 0.032676
0.925664 0.034028
0.923539 0.034028
0.901468 0.033869
0.904361 0.034823
0.916253 0.033789
0.907057 0.033630
0.899833 0.034584
0.926328 0.034505
0.933670 0.035459
0.904834 0.034584
0.912548 0.034425
0.909256 0.034664
0.916526 0.034664
0.915722 0.033869
0.893598 0.032517
0.925246 0.033392
0.917718 0.033869
0.896602 0.033153
0.914421 0.032279
0.922056 0.033551
0.905694 0.032676
0.893983 0.033471
0.902482 0.032835
0.897171 0.033312
0.910990 0.033074
0.901540 0.033789
0.903513 0.034664
0.899599 0.034902
0.900846 0.034664
0.909479 0.034823
0.909787 0.033948
0.903014 0.034743
0.906556 0.032835
0.905516 0.034425
0.898740 0.034028
0.888196 0.033869
0.882696 0.033710
0.904413 0.033630
0.901615 0.035141
0.903373 0.036174
0.917370 0.033710
0.901093 0.035697
0.894855 0.034107
0.886900 0.035300
0.893512 0.035379
0.884577 0.034584
0.875013 0.032358
0.888295 0.034107
0.902112 0.034664
0.883182 0.036890
0.892466 0.035697
0.895091 0.034107
0.892901 0.036572
0.886491 0.034266
0.880878 0.034902
0.887110 0.033392
0.884429 0.035459
0.883078 0.036254
0.880304 0.036492
0.890718 0.036095
0.894074 0.033789
0.884533 0.034664
0.889105 0.035618
0.897445 0.035538
0.900440 0.033710
0.892792 0.035697
0.889384 0.034823
0.898978 0.034902
0.894087 0.035697
0.883751 0.034346
0.889558 0.033869
0.885471 0.033392
0.878529 0.032915
0.883597 0.032756
0.883070 0.032279
0.890427 0.033630
0.894319 0.034425
0.892623 0.032994
0.889151 0.034187
0.881641 0.035220
0.889221 0.032358
0.895730 0.033869
0.893115 0.031643
0.890422 0.031563
0.895442 0.032517
0.887494 0.034028
0.884563 0.033630
0.883066 0.033233
0.885279 0.032358
0.879695 0.031484
0.882475 0.031643
0.892982 0.031484
0.889237 0.031961
0.888017 0.030450
0.870712 0.032756
0.884028 0.032040
0.889185 0.032517
0.883034 0.033392
0.899634 0.033074
0.883107 0.031881
0.886785 0.032279
0.885226 0.031643
0.883761 0.032040
0.883687 0.031722
0.896062 0.031484
0.876242 0.030927
0.877413 0.029655
0.873801 0.030211
0.876625 0.030927
0.887340 0.029893
0.899679 0.030848
0.895341 0.032358
0.887202 0.031166
0.878267 0.031802
0.866243 0.030689
0.880442 0.029973
0.891895 0.030927
0.893266 0.031563
0.901966 0.031643
0.887286 0.032120
0.899390 0.031404
0.909400 0.029814
0.893124 0.030450
0.881124 0.029098
0.883513 0.030370
0.892883 0.028065
0.895794 0.026793
0.895825 0.027826
0.883842 0.028303
0.897574 0.028303
0.883008 0.028542
0.879521 0.029098
0.892249 0.027588
0.892182 0.028224
0.890239 0.030768
0.891626 0.031086
0.897054 0.030450
0.903485 0.030609
0.882424 0.029655
0.889370 0.028701
0.884598 0.029337
0.891359 0.029655
0.894682 0.028939
0.886674 0.028780
0.877871 0.029814
0.867377 0.027429
0.901441 0.030291
0.896763 0.029814
0.884943 0.029337
0.886489 0.030370
0.896178 0.029973
0.884060 0.031961
0.882859 0.028939
0.890167 0.030848
0.901275 0.030370
0.889845 0.031643
0.890478 0.031325
0.886220 0.031563
0.876665 0.029734
0.881442 0.029973
0.883286 0.029098
0.898686 0.030052
0.878329 0.029655
0.899711 0.031166
0.888431 0.030768
0.879253 0.030211
0.878910 0.030291
0.881302 0.032120
0.902552 0.032358
0.903515 0.031245
0.883778 0.030768
0.891728 0.029814
0.883687 0.030211
0.885063 0.028860
0.874363 0.029178
0.891395 0.031563
0.893510 0.029655
0.894576 0.027826
0.887639 0.028462
0.890098 0.029734
0.880183 0.027588
0.869601 0.028065
0.888928 0.030052
0.883095 0.028383
0.892753 0.030132
0.887832 0.028780
0.881722 0.027190
0.892243 0.028701
0.896491 0.028939
0.891337 0.029496
0.884752 0.029973
0.899405 0.029496
0.891638 0.029814
0.896301 0.030450
0.880520 0.026872
0.877616 0.029416
0.885174 0.029416
0.889770 0.031643
0.887321 0.028303
0.879857 0.029655
0.875487 0.028860
0.874767 0.028462
0.881754 0.028065
0.870942 0.031007
0.868979 0.030211
0.874298 0.030927
0.870851 0.031484
0.879124 0.030848
0.875921 0.031007
0.895331 0.031086
0.883248 0.029019
0.878724 0.030689
0.888273 0.031484
0.878936 0.029098
0.876708 0.028303
0.888311 0.030132
0.885483 0.029893
0.887558 0.029814
0.881783 0.029178
0.871726 0.029655
0.882642 0.029178
0.884487 0.028462
0.875804 0.029178
0.879058 0.030609
0.874477 0.028701
0.870312 0.029019
0.873501 0.029098
0.877260 0.029337
0.897739 0.031961
0.891487 0.030689
0.887291 0.031086
0.886866 0.030529
0.880445 0.030450
0.876991 0.028542
0.891719 0.030450
0.880191 0.029734
0.882376 0.030052
0.884075 0.030370
0.865883 0.029655
0.874794 0.029893
0.888285 0.029178
0.884357 0.028701
0.877038 0.029098
0.878692 0.028621
0.889278 0.028542
0.876246 0.030609
0.873550 0.031404
0.867744 0.029814
0.884203 0.029893
0.872333 0.031325
0.870113 0.031007
0.865768 0.029416
0.890170 0.028780
0.872442 0.029257
0.874203 0.028780
0.873994 0.027429
0.875422 0.029178
0.876201 0.029814
0.885676 0.027588
0.863672 0.029257
0.876480 0.029416
0.874747 0.029496
0.869162 0.029734
0.869257 0.030927
0.867394 0.030450
0.876512 0.028621
0.870964 0.030529
0.876390 0.030052
0.869223 0.030529
0.862852 0.029655
0.857931 0.029893
0.853267 0.030848
0.864934 0.029178
0.864634 0.028303
0.858375 0.029575
0.843891 0.031245
0.864945 0.029416
0.861904 0.027985
0.862736 0.028224
0.844435 0.030450
0.846427 0.030689
0.863240 0.030848
0.861324 0.030052
0.855063 0.032358
0.851552 0.032199
0.865499 0.030848
0.861901 0.031722
0.861478 0.030291
0.864921 0.031007
0.861774 0.031404
0.869644 0.033392
0.870879 0.033233
0.868317 0.030529
0.860599 0.034743
0.862983 0.031802
0.864245 0.032040
0.865464 0.031961
0.874307 0.030848
0.864585 0.030689
0.863632 0.030132
0.865414 0.029337
0.848467 0.030927
0.855456 0.030768
0.858419 0.030927
0.845663 0.031404
0.845407 0.031643
0.849379 0.031961
0.854509 0.032040
0.858017 0.033312
0.852977 0.029734
0.859206 0.029496
0.867485 0.029655
0.851246 0.032517
0.860361 0.030689
0.853068 0.032517
0.860081 0.030370
0.873002 0.028860
0.863011 0.032199
0.856562 0.031563
0.845934 0.032199
0.840710 0.032199
0.852518 0.029416
0.863193 0.031961
0.861751 0.030609
0.859785 0.032915
0.858211 0.032517
0.856949 0.030132
0.853428 0.029019
0.860551 0.029098
0.853631 0.031166
0.853462 0.030450
0.859133 0.029416
0.858717 0.029893
0.856152 0.030689
0.852981 0.030927
0.850391 0.032438
0.856204 0.031245
0.854248 0.031166
0.855083 0.031086
0.853348 0.030052
0.861660 0.029496
0.872345 0.029655
0.856106 0.030609
0.868238 0.030689
0.857196 0.030211
0.856724 0.030052
0.863831 0.030052
0.866954 0.028780
0.861037 0.030132
0.853371 0.029734
0.854886 0.030370
0.851856 0.028939
0.863905 0.030768
0.853928 0.031245
0.866776 0.031802
0.855675 0.031245
0.866339 0.031007
0.862062 0.030052
0.850100 0.029257
0.845831 0.028303
0.848308 0.028780
0.839379 0.026952
0.856161 0.029098
0.854292 0.028144
0.840349 0.029973
0.849169 0.029814
0.844250 0.029098
0.842418 0.029178
0.859010 0.028065
0.854415 0.029655
0.852945 0.028860
0.852057 0.028939
0.845173 0.028224
0.853219 0.027985
0.860557 0.028621
0.869122 0.029734
0.853686 0.026713
0.858773 0.027031
0.851195 0.027429
0.861623 0.027906
0.861170 0.025759
0.865173 0.026475
0.865547 0.029178
0.861608 0.029575
0.849982 0.028383
0.850698 0.027985
0.853704 0.028780
0.856516 0.029337
0.852506 0.029416
0.852726 0.028303
0.857643 0.029337
0.859892 0.031484
0.869124 0.030211
0.859999 0.031325
0.863563 0.030768
0.855747 0.030768
0.850233 0.030768
0.852967 0.031802
0.841205 0.030211
0.851820 0.030689
0.852381 0.029814
0.860596 0.030529
0.857463 0.029893
0.850362 0.029416
0.856412 0.030927
0.854964 0.030529
0.868352 0.030052
0.866615 0.031245
0.865217 0.031881
0.858151 0.032835
0.861972 0.032358
0.858188 0.033869
0.850143 0.033392
0.867211 0.031563
0.874171 0.032597
0.869576 0.033869
0.866411 0.033153
0.860627 0.032597
0.865213 0.032040
0.855368 0.034107
0.852162 0.031881
0.860459 0.032279
0.871965 0.031404
0.861538 0.030927
0.857597 0.031404
0.862720 0.032994
0.853193 0.031404
0.838815 0.031245
0.853266 0.033153
0.840489 0.030450
0.845988 0.031802
0.862264 0.030848
0.863975 0.032438
0.862186 0.033630
0.855833 0.033233
0.858088 0.033074
0.865209 0.034505
0.865972 0.033392
0.855314 0.032199
0.855712 0.033392
0.869195 0.033233
0.860084 0.033471
0.858577 0.034823
0.850054 0.033630
0.848101 0.033392
0.859347 0.033789
0.856332 0.034425
0.841145 0.032756
0.828624 0.032199
0.842349 0.034266
0.838345 0.033789
0.835197 0.033233
0.837334 0.034028
0.838738 0.033312
0.823781 0.031643
0.842178 0.032358
0.837785 0.033233
0.847880 0.032438
0.837863 0.032994
0.837563 0.032994
0.834189 0.033710
0.841224 0.031961
0.832849 0.031563
0.844294 0.032835
0.838777 0.031166
0.825396 0.031563
0.835050 0.032199
0.836175 0.032438
0.843866 0.032994
0.849403 0.032279
0.845903 0.032835
0.846941 0.030848
0.841752 0.031086
0.823163 0.032040
0.824802 0.034028
0.831567 0.033471
0.839521 0.033551
0.844353 0.031563
0.838087 0.031563
0.835067 0.030450
0.823656 0.032279
0.821308 0.031404
0.835392 0.032597
0.838091 0.033233
0.837728 0.034425
0.849678 0.034505
0.840193 0.033710
0.826598 0.033551
0.830510 0.032994
0.839941 0.035220
0.833526 0.035379
0.826161 0.033869
0.820699 0.033233
0.833584 0.034187
0.830231 0.036015
0.826181 0.035220
0.841197 0.035379
0.832189 0.034346
0.830136 0.034505
0.825406 0.034982
0.822115 0.035697
0.823887 0.034664
0.825643 0.034028
0.833427 0.035061
0.829209 0.034664
0.833666 0.034425
0.849633 0.035538
0.833083 0.032835
0.822234 0.034346
0.825772 0.033630
0.840543 0.032994
0.853994 0.033710
0.846276 0.033392
0.839111 0.033551
0.824333 0.033392
0.833423 0.032517
0.829293 0.032835
0.841369 0.033074
0.842261 0.032994
0.830832 0.032517
0.824197 0.032835
0.824476 0.031325
0.832944 0.033392
0.827243 0.031166
0.838413 0.031166
0.831562 0.033948
0.830413 0.033471
0.834523 0.034505
0.840706 0.034266
0.832412 0.035300
0.831564 0.036095
0.826044 0.037367
0.829779 0.036731
0.838262 0.036095
0.842626 0.035141
0.835926 0.034664
0.838961 0.036174
0.828154 0.034266
0.819399 0.034743
0.828390 0.035618
0.827111 0.034107
0.824242 0.035459
0.831949 0.034505
0.846192 0.035777
0.850054 0.034743
0.849283 0.038082
0.849602 0.037446
0.834068 0.036174
0.828317 0.035777
0.833477 0.038003
0.838483 0.038003
0.837333 0.036572
0.827349 0.035936
0.829241 0.035220
0.835413 0.036731
0.829681 0.034028
0.837014 0.035141
0.822420 0.034187
0.823771 0.032358
0.815367 0.031404
0.838231 0.033710
0.828311 0.033630
0.814223 0.035936
0.809057 0.033392
0.829727 0.036572
0.820663 0.035697
0.812699 0.034664
0.816748 0.037128
0.815956 0.037128
0.815629 0.037685
0.814296 0.035618
0.814303 0.033312
0.815260 0.034266
0.817163 0.035538
0.809069 0.035618
0.833549 0.036254
0.828095 0.035618
0.825419 0.035856
0.839401 0.036651
0.825429 0.036731
0.843524 0.036254
0.828317 0.036492
0.827020 0.035777
0.841988 0.034107
0.844586 0.038321
0.836465 0.036333
0.831694 0.038321
0.825393 0.037287
0.826908 0.038877
0.823874 0.038798
0.818410 0.038957
0.810450 0.039195
0.818851 0.037764
0.818770 0.037526
0.814547 0.037367
0.814457 0.036254
0.816162 0.036572
0.811998 0.036254
0.815672 0.035618
0.820769 0.036254
0.836349 0.036969
0.823446 0.037685
0.829358 0.038162
0.819062 0.037526
0.820177 0.037685
0.819888 0.038957
0.812889 0.036890
0.814847 0.037685
0.810991 0.035697
0.815938 0.036572
0.816057 0.035618
0.813892 0.037446
0.833492 0.037526
0.815392 0.036969
0.812263 0.036174
0.832194 0.037367
0.812032 0.037208
0.828403 0.037367
0.819600 0.036413
0.811848 0.034505
0.814971 0.035220
0.817895 0.035061
0.826469 0.034187
0.824060 0.033551
0.815610 0.035220
0.827802 0.034266
0.844406 0.035061
0.842811 0.034187
0.834579 0.035459
0.824938 0.032915
0.823915 0.033392
0.814305 0.032994
0.827399 0.033392
0.822335 0.033630
0.820717 0.034107
0.822675 0.033630
0.823563 0.033392
0.818829 0.034028
0.813221 0.033074
0.825899 0.031961
0.828203 0.033392
0.819895 0.033233
0.826787 0.032597
0.817651 0.033869
0.827069 0.031166
0.827244 0.032756
0.830257 0.032676
0.823364 0.034505
0.832074 0.035777
0.836766 0.035459
0.831034 0.036651
0.833014 0.036731
0.823743 0.035538
0.825574 0.033233
0.823337 0.034425
0.816931 0.036969
0.813241 0.035856
0.812607 0.037367
0.812172 0.035618
0.806252 0.036572
0.803556 0.033471
0.798766 0.034743
0.806008 0.031881
0.801399 0.035459
0.823011 0.037287
0.834907 0.033551
0.833759 0.037923
0.815135 0.034902
0.805830 0.035300
0.810608 0.035220
0.807440 0.033074
0.806315 0.033948
0.801673 0.033153
0.805428 0.035061
0.815011 0.037128
0.823376 0.036492
0.819876 0.034346
0.814329 0.034743
0.805369 0.034346
0.803400 0.033392
0.804372 0.033471
0.798014 0.034028
0.800818 0.034346
0.802132 0.034107
0.806344 0.034107
0.815674 0.035220
0.808427 0.035777
0.809290 0.038082
0.807752 0.037128
0.804463 0.036890
0.801935 0.038241
0.807700 0.038639
0.811630 0.039354
0.822342 0.037526
0.812254 0.035697
0.803906 0.035538
0.794056 0.033789
0.800921 0.037844
0.813846 0.036890
0.810394 0.037526
0.805753 0.033710
0.809215 0.034505
0.806649 0.033789
0.810546 0.036254
0.802510 0.037446
0.791330 0.035061
0.793285 0.035300
0.804786 0.032597
0.824290 0.033153
0.807358 0.033710
0.804152 0.033948
0.794999 0.034902
0.800965 0.035061
0.797419 0.035856
0.802230 0.033233
0.797239 0.034743
0.795939 0.034505
0.803475 0.034107
0.806138 0.035300
0.801947 0.036731
0.802054 0.036095
0.812127 0.034743
0.796163 0.034187
0.803245 0.033710
0.811782 0.035300
0.808956 0.034902
0.813432 0.035618
0.820577 0.037049
0.813662 0.036731
0.811330 0.038480
0.804721 0.036333
0.810651 0.035538
0.807788 0.034505
0.803498 0.036095
0.815717 0.035061
0.799036 0.033630
0.802779 0.034982
0.814547 0.033869
0.796192 0.034346
0.792603 0.035459
0.799696 0.034107
0.815102 0.035141
0.804662 0.034982
0.794263 0.033630
0.799584 0.035618
0.791168 0.033630
0.817545 0.039354
0.809956 0.034107
0.817540 0.034425
0.798679 0.034823
0.795829 0.033630
0.792840 0.034584
0.800248 0.034584
0.789755 0.036095
0.801670 0.036015
0.810284 0.034982
0.808032 0.034346
0.797172 0.035936
0.797728 0.035300
0.802872 0.035300
0.809241 0.037128
0.795200 0.037208
0.805461 0.036254
0.796845 0.036810
0.798350 0.037208
0.798053 0.038321
0.808192 0.037208
0.813116 0.034982
0.812024 0.035856
0.822894 0.037605
0.823235 0.037208
0.820104 0.036572
0.821368 0.037367
0.822182 0.037049
0.808133 0.035936
0.808107 0.038082
0.823675 0.038400
0.807020 0.038003
0.814272 0.038639
0.800613 0.036969
0.801501 0.036333
0.804240 0.037605
0.809078 0.038957
0.809456 0.036890
0.809465 0.037923
0.809805 0.036969
0.811627 0.037923
0.813677 0.036174
0.811185 0.037049
0.800664 0.036413
0.806974 0.037844
0.806976 0.036731
0.812054 0.037128
0.820106 0.038162
0.816806 0.036651
0.809181 0.037128
0.810387 0.036890
0.797286 0.036015
0.794653 0.037128
0.807111 0.035697
0.812670 0.035936
0.794760 0.034743
0.805328 0.035777
0.797877 0.035538
0.798879 0.037287
0.802194 0.035220
0.808491 0.034664
0.811933 0.033074
0.817172 0.034902
0.804525 0.033869
0.807027 0.037128
0.813346 0.040070
0.808444 0.039434
0.804912 0.037049
0.810911 0.037287
0.806818 0.036095
0.803481 0.036810
0.807313 0.037128
0.805836 0.036969
0.796254 0.038639
0.811636 0.036651
0.806560 0.036413
0.791693 0.037049
0.786912 0.037049
0.800437 0.036254
0.801166 0.036492
0.798275 0.036810
0.801361 0.038003
0.799296 0.039911
0.809128 0.038559
0.808066 0.037764
0.808945 0.036254
0.793808 0.037287
0.788263 0.035777
0.794449 0.033948
0.792576 0.035141
0.789319 0.036731
0.802545 0.035538
0.812635 0.034266
0.812885 0.034346
0.792511 0.036492
0.799782 0.037526
0.803293 0.036333
0.795443 0.037287
0.809985 0.037764
0.798640 0.040229
0.809763 0.040785
0.822517 0.041422
0.797512 0.041819
0.805918 0.037287
0.805559 0.037605
0.796322 0.037685
0.791505 0.037605
0.796696 0.035300
0.786605 0.038003
0.777829 0.034982
0.785753 0.036810
0.782970 0.039195
0.796927 0.037605
0.794244 0.036015
0.806202 0.036572
0.798640 0.036969
0.793481 0.036810
0.799776 0.036254
0.804643 0.037208
0.805390 0.038480
0.804877 0.035379
0.792184 0.034664
0.806851 0.035459
0.802081 0.036731
0.797549 0.035936
0.793301 0.038877
0.800410 0.036413
0.819311 0.037526
0.800623 0.038162
0.802008 0.039036
0.814370 0.037605
0.800488 0.035777
0.800754 0.036174
0.796873 0.035697
0.814614 0.036174
0.795879 0.036651
0.799948 0.036572
0.796722 0.039036
0.813112 0.039036
0.806790 0.037446
0.801556 0.036810
0.792250 0.036492
0.799172 0.038321
0.795928 0.037526
0.798916 0.037446
0.789669 0.037287
0.779768 0.036890
0.797953 0.037605
0.802516 0.038798
0.783820 0.037367
0.794717 0.037128
0.789988 0.037367
0.792488 0.036572
0.786097 0.038003
0.785552 0.039116
0.786388 0.036651
0.792380 0.036095
0.788265 0.037526
0.789067 0.037844
0.794386 0.038162
0.795206 0.037446
0.780501 0.036572
0.811147 0.034584
0.794762 0.040547
0.788534 0.038321
0.794524 0.038480
0.800357 0.038241
0.804115 0.039593
0.789632 0.035936
0.794386 0.038639
0.785878 0.039593
0.811595 0.039434
0.791133 0.039275
0.787033 0.037287
0.791707 0.037685
0.790255 0.037446
0.794632 0.038241
0.784146 0.036731
0.783355 0.038718
0.812872 0.037764
0.797948 0.037844
0.792182 0.039434
0.791565 0.039275
0.789692 0.039275
0.791426 0.038718
0.797545 0.037526
0.788041 0.036492
0.788498 0.036651
0.782008 0.037049
0.781888 0.037367
0.783959 0.037844
0.785109 0.036810
0.777159 0.035777
0.786861 0.037526
0.778752 0.035538
0.782604 0.038162
0.786872 0.037844
0.789379 0.039195
0.789531 0.039752
0.767114 0.039672
0.773374 0.036969
0.768317 0.037764
0.768507 0.036413
0.774017 0.035300
0.759641 0.034425
0.770809 0.035618
0.768531 0.035538
0.783327 0.038400
0.781216 0.037764
0.774916 0.035697
0.776097 0.036413
0.776329 0.037367
0.776734 0.037446
0.766737 0.035936
0.781786 0.037764
0.785110 0.036810
0.780321 0.035936
0.785328 0.035697
0.784243 0.037208
0.778836 0.038082
0.789360 0.037923
0.778299 0.037367
0.784088 0.038400
0.776392 0.038798
0.776027 0.039434
0.792022 0.036969
0.796511 0.037287
0.792372 0.038003
0.789603 0.037446
0.771856 0.038718
0.767697 0.037049
0.786755 0.037605
0.793544 0.037128
0.792363 0.036572
0.775361 0.035618
0.771972 0.036174
0.767892 0.038877
0.778993 0.038957
0.782578 0.038162
0.780791 0.036254
0.783803 0.037764
0.775355 0.037128
0.774388 0.036492
0.767131 0.035300
0.758478 0.036572
0.765806 0.036969
0.772285 0.036015
0.772784 0.036333
0.779382 0.037049
0.772398 0.036254
0.759719 0.034743
0.772518 0.035618
0.756721 0.032756
0.767815 0.035459
0.771738 0.035697
0.759667 0.036731
0.764173 0.034505
0.755529 0.034902
0.756457 0.034664
0.763887 0.035459
0.765972 0.035618
0.761580 0.036015
0.771135 0.035936
0.763156 0.036651
0.754572 0.036015
0.746950 0.036174
0.768758 0.034584
0.755356 0.036095
0.757355 0.034584
0.765216 0.034505
0.771704 0.035777
0.782826 0.035379
0.773235 0.035777
0.772112 0.034664
0.765519 0.034107
0.767107 0.034505
0.760503 0.034823
0.750065 0.036969
0.749087 0.035856
0.756413 0.036174
0.750802 0.035141
0.754023 0.035697
0.764386 0.034107
0.776391 0.035300
0.765631 0.035300
0.778251 0.034823
0.762861 0.034346
0.758951 0.033551
0.761896 0.036810
0.765123 0.034505
0.751625 0.036015
0.765855 0.037844
0.767075 0.038241
0.775814 0.037208
0.769185 0.036651
0.757162 0.038639
0.774958 0.037367
0.768384 0.034664
0.753736 0.034743
0.754626 0.034425
0.755060 0.033392
0.764951 0.032438
0.761378 0.034664
0.774887 0.035379
0.774315 0.034743
0.765126 0.035141
0.770624 0.038003
0.775825 0.039036
0.765169 0.038639
0.775579 0.039831
0.771022 0.040388
0.766882 0.039831
0.757064 0.038400
0.759113 0.038718
0.762382 0.037367
0.769217 0.038639
0.761175 0.038639
0.763807 0.039036
0.761907 0.036095
0.758505 0.035856
0.766164 0.036254
0.766134 0.038003
0.770486 0.039275
0.759724 0.036492
0.768009 0.038400
0.777616 0.041501
0.754695 0.039116
0.757400 0.037526
0.753504 0.037287
0.743672 0.035936
0.744978 0.037208
0.737531 0.038241
0.747688 0.037367
0.740909 0.035936
0.741292 0.037208
0.746444 0.037526
0.749683 0.037367
0.756337 0.039593
0.753879 0.036890
0.760804 0.037685
0.755939 0.038321
0.757764 0.039672
0.751693 0.038877
0.751656 0.037446
0.752814 0.037605
0.751105 0.036651
0.775203 0.039434
0.755472 0.037287
0.757796 0.038559
0.749574 0.038082
0.756847 0.037844
0.750329 0.037128
0.758317 0.037049
0.754904 0.037685
0.751685 0.036174
0.752899 0.037208
0.750835 0.036015
0.745782 0.036969
0.743895 0.037844
0.753119 0.039911
0.766475 0.038798
0.757602 0.040467
0.753404 0.039354
0.742312 0.037287
0.742944 0.036890
0.743038 0.038162
0.750529 0.039513
0.752347 0.039434
0.744973 0.037446
0.761869 0.040149
0.762124 0.038798
0.758423 0.039990
0.756342 0.038639
0.759579 0.038480
0.747712 0.037764
0.755768 0.039593
0.752611 0.039990
0.762275 0.041342
0.763449 0.041819
0.753867 0.041899
0.751138 0.039036
0.757291 0.040070
0.749170 0.039275
0.745203 0.038639
0.737540 0.038639
0.736697 0.039593
0.743622 0.037685
0.750401 0.038321
0.741151 0.036969
0.746062 0.037287
0.746517 0.038718
0.741814 0.037764
0.756780 0.038162
0.756573 0.038559
0.746824 0.038321
0.748676 0.036651
0.749808 0.034743
0.755551 0.035618
0.752095 0.036651
0.748864 0.037049
0.738696 0.036969
0.748381 0.036890
0.743788 0.036333
0.743651 0.035697
0.755113 0.036890
0.740773 0.036492
0.738867 0.037526
0.741233 0.037208
0.747779 0.036174
0.754075 0.038480
0.771276 0.040070
0.778766 0.038241
0.747643 0.037367
0.739766 0.036095
0.753156 0.039513
0.761333 0.038003
0.772496 0.038082
0.745313 0.038162
0.749600 0.039354
0.750366 0.039513
0.747405 0.039036
0.747911 0.038639
0.744954 0.036810
0.749999 0.038321
0.748885 0.039434
0.735988 0.038003
0.738912 0.037685
0.744113 0.038241
0.746565 0.038957
0.745687 0.039434
0.760671 0.040229
0.756261 0.037446
0.760706 0.037605
0.758790 0.038321
0.760486 0.037446
0.758706 0.037287
0.748938 0.038241
0.752365 0.037446
0.747164 0.037844
0.747091 0.039195
0.746361 0.040070
0.745469 0.036810
0.749861 0.036333
0.749750 0.036572
0.742127 0.037685
0.746242 0.038003
0.743650 0.036572
0.743120 0.037764
0.745569 0.038798
0.734606 0.037844
0.745290 0.038718
0.738439 0.038798
0.741136 0.037605
0.741217 0.037128
0.743260 0.037287
0.745944 0.038877
0.742800 0.038082
0.736448 0.037605
0.749365 0.039513
0.739162 0.040070
0.751435 0.040785
0.748836 0.039513
0.762263 0.040229
0.753283 0.038639
0.755216 0.039036
0.753128 0.039831
0.742226 0.038480
0.742222 0.039275
0.748918 0.037844
0.745532 0.038798
0.725114 0.036969
0.729401 0.037367
0.727042 0.036095
0.725840 0.036731
0.725340 0.036969
0.723677 0.035856
0.738924 0.039195
0.741565 0.038718
0.735906 0.041183
0.733776 0.040626
0.742951 0.040706
0.750007 0.040149
0.741280 0.039672
0.750056 0.040388
0.749028 0.040308
0.742344 0.038877
0.747001 0.041183
0.735062 0.042137
0.741675 0.040070
0.734579 0.039036
0.738589 0.041024
0.736000 0.039036
0.744236 0.041660
0.746630 0.041183
0.745064 0.041422
0.741474 0.040785
0.745164 0.043489
0.744416 0.040865
0.731566 0.038559
0.731972 0.039752
0.735013 0.037844
0.730198 0.039434
0.728660 0.039354
0.731028 0.040865
0.737900 0.039990
0.734762 0.040149
0.739601 0.040149
0.752484 0.043568
0.737659 0.041819
0.743047 0.040467
0.740661 0.040706
0.742139 0.040706
0.734872 0.041581
0.747586 0.042217
0.747100 0.041422
0.747652 0.042694
0.740707 0.042535
0.734019 0.041660
0.731188 0.041501
0.737118 0.040547
0.725012 0.042614
0.728185 0.039513
0.728593 0.040467
0.731506 0.040945
0.739447 0.042137
0.742417 0.042217
0.734742 0.041740
0.737367 0.039831
0.731915 0.040070
0.743907 0.040785
0.729419 0.040467
0.725708 0.039672
0.716955 0.039275
0.717568 0.038162
0.722066 0.036969
0.724188 0.038162
0.726827 0.038957
0.735914 0.041342
0.733390 0.040706
0.734392 0.042535
0.740103 0.042535
0.740417 0.042058
0.733833 0.039275
0.734913 0.039752
0.724329 0.041024
0.743963 0.042694
0.738301 0.043171
0.735336 0.041740
0.744390 0.042376
0.737323 0.041581
0.744516 0.041581
0.742938 0.042932
0.738789 0.041899
0.725913 0.041104
0.731463 0.041263
0.734853 0.043171
0.724522 0.042614
0.722790 0.042694
0.729876 0.043648
0.732398 0.043250
0.726630 0.043012
0.738235 0.043886
0.735784 0.044602
0.739364 0.043727
0.720341 0.041501
0.728968 0.042694
0.719808 0.041660
0.733259 0.042694
0.725824 0.041660
0.728260 0.042296
0.729203 0.042296
0.728873 0.040706
0.733771 0.042137
0.736146 0.042137
0.735014 0.040547
0.729762 0.041740
0.728415 0.041501
0.719485 0.041342
0.721480 0.039752
0.724256 0.039911
0.730680 0.039911
0.734361 0.039831
0.740275 0.041422
0.740097 0.040388
0.728746 0.039911
0.717434 0.040945
0.716736 0.040785
0.726473 0.040865
0.725096 0.041263
0.728747 0.041899
0.736383 0.044840
0.733779 0.042455
0.739816 0.044999
0.733259 0.043171
0.733785 0.043171
0.730408 0.042217
0.724483 0.043012
0.728756 0.042376
0.730713 0.043409
0.723846 0.041263
0.720163 0.041978
0.715802 0.041183
0.722651 0.042058
0.726930 0.043489
0.722060 0.045397
0.729814 0.044761
0.738752 0.041819
0.722400 0.042694
0.719455 0.041740
0.727672 0.041740
0.726692 0.040547
0.723460 0.041740
0.737608 0.041899
0.729849 0.043568
0.736245 0.044363
0.729251 0.043489
0.732805 0.043886
0.743691 0.043171
0.737871 0.042137
0.729090 0.041660
0.720467 0.042217
0.717570 0.041501
0.726824 0.043966
0.725615 0.043012
0.721972 0.043886
0.730930 0.044045
0.725935 0.042614
0.727655 0.042058
0.721709 0.041740
0.729460 0.041581
0.726249 0.042614
0.732044 0.043568
0.734815 0.040388
0.728705 0.040865
0.732023 0.042455
0.724073 0.041899
0.725180 0.042614
0.715683 0.041104
0.713130 0.040865
0.715224 0.041660
0.722041 0.039911
0.740942 0.039354
0.734061 0.041581
0.726092 0.039434
0.731446 0.039195
0.733182 0.040547
0.723582 0.041740
0.714242 0.043012
0.726103 0.040785
0.725640 0.042376
0.728903 0.041422
0.723565 0.041104
0.725576 0.042773
0.734600 0.040308
0.730058 0.040467
0.720164 0.040467
0.719626 0.040547
0.712497 0.040706
0.720222 0.040945
0.740928 0.041501
0.737432 0.042614
0.732420 0.041024
0.731681 0.039911
0.744460 0.039831
0.750121 0.040388
0.744742 0.038639
0.761157 0.041183
0.748507 0.042376
0.740633 0.042614
0.728544 0.041024
0.721908 0.039036
0.724862 0.042376
0.731709 0.039911
0.726804 0.041819
0.717653 0.043807
0.716461 0.042773
0.715118 0.043886
0.716321 0.041660
0.720633 0.042694
0.718265 0.042296
0.723938 0.042137
0.714207 0.043568
0.722699 0.043409
0.726094 0.042217
0.722935 0.043807
0.706660 0.043171
0.707143 0.043648
0.711621 0.043966
0.718334 0.043250
0.718352 0.042932
0.719628 0.043568
0.715779 0.042376
0.707265 0.042853
0.709307 0.042217
0.711389 0.041899
0.697960 0.041263
0.697926 0.042455
0.692366 0.041422
0.713230 0.040706
0.716535 0.042058
0.714933 0.042296
0.723724 0.043966
0.722313 0.039513
0.710498 0.040626
0.714007 0.040547
0.725524 0.042932
0.730756 0.042853
0.718101 0.044284
0.714643 0.043171
0.712549 0.043966
0.712598 0.044204
0.712554 0.042773
0.697701 0.042614
0.701312 0.042932
0.716722 0.043171
0.719857 0.041978
0.697856 0.042217
0.705160 0.042217
0.704873 0.042614
0.699437 0.042137
0.715632 0.042773
0.719368 0.043648
0.727062 0.043648
0.728245 0.043091
0.716362 0.043091
0.730021 0.042853
0.734534 0.043807
0.721592 0.044284
0.738805 0.043330
0.725941 0.042694
0.721092 0.041740
0.715048 0.043409
0.721290 0.044443
0.733339 0.042535
0.726789 0.042694
0.716999 0.042853
0.710005 0.043807
0.706100 0.041501
0.710761 0.041740
0.709068 0.039911
0.716675 0.040308
0.722265 0.041422
0.713203 0.042376
0.703019 0.042217
0.690224 0.043330
0.696886 0.044045
0.711753 0.044284
0.701482 0.043330
0.699135 0.044204
0.695883 0.044204
0.703475 0.043091
0.719582 0.042376
0.720102 0.043171
0.697550 0.041422
0.708999 0.044284
0.704809 0.043886
0.705881 0.045397
0.703250 0.042694
0.712160 0.043648
0.717783 0.045397
0.712649 0.043807
0.722101 0.045079
0.713690 0.045158
0.719141 0.046589
0.705955 0.044602
0.709462 0.044363
0.720581 0.046669
0.710980 0.046430
0.710674 0.046748
0.719235 0.047066
0.710063 0.045556
0.719724 0.046271
0.721176 0.045635
0.709085 0.045874
0.700579 0.043966
0.708370 0.045158
0.717075 0.045874
0.704637 0.044363
0.705663 0.043489
0.703144 0.044999
0.707900 0.044602
0.705783 0.043966
0.701171 0.042773
0.705319 0.044681
0.720048 0.043966
0.709637 0.042773
0.711820 0.042614
0.703125 0.042932
0.702255 0.044204
0.701525 0.044204
0.708963 0.044443
0.710150 0.043330
0.721024 0.042376
0.713501 0.041819
0.708845 0.042058
0.709585 0.043330
0.716474 0.042296
0.722770 0.042137
0.706287 0.043409
0.704834 0.044284
0.705756 0.042773
0.707216 0.044125
0.716002 0.043727
0.704595 0.044045
0.706777 0.043489
0.715506 0.043409
0.716472 0.044204
0.714144 0.042932
0.716197 0.043171
0.714109 0.043012
0.711950 0.042455
0.710190 0.041740
0.707572 0.043330
0.711259 0.044045
0.715470 0.043727
0.724193 0.044840
0.705966 0.043966
0.710920 0.043250
0.717085 0.044125
0.731591 0.042932
0.721306 0.042614
0.728791 0.044920
0.715628 0.042455
0.711829 0.043568
0.710570 0.043648
0.703508 0.044204
0.705344 0.043489
0.714321 0.044522
0.715889 0.043250
0.709942 0.042694
0.710971 0.041104
0.716242 0.046748
0.717580 0.044602
0.711746 0.043091
0.705866 0.043966
0.708793 0.045397
0.705814 0.045556
0.719444 0.047146
0.720353 0.046510
0.711112 0.046748
0.715217 0.043966
0.708017 0.045556
0.728651 0.047225
0.721220 0.047066
0.711429 0.047305
0.715388 0.047066
0.718001 0.047146
0.712454 0.046112
0.708339 0.044840
0.715694 0.044363
0.719366 0.047702
0.715173 0.046589
0.710751 0.045715
0.714394 0.045238
0.715894 0.045953
0.713866 0.045317
0.701034 0.045238
0.709820 0.045476
0.711541 0.045874
0.710205 0.045635
0.709227 0.045874
0.710247 0.044761
0.724057 0.044761
0.712118 0.045079
0.712234 0.044999
0.700452 0.046430
0.697482 0.047384
0.699143 0.047146
0.710514 0.046828
0.708276 0.045794
0.703429 0.045158
0.705372 0.045715
0.712945 0.046033
0.706874 0.045794
0.707266 0.045556
0.712364 0.048259
0.711272 0.045079
0.706912 0.046907
0.707057 0.046430
0.704022 0.044443
0.720174 0.046987
0.704148 0.046987
0.699799 0.047146
0.701306 0.046351
0.705533 0.046748
0.698884 0.046351
0.702465 0.045715
0.692512 0.048020
0.711171 0.046748
0.704370 0.047861
0.692935 0.047305
0.698126 0.045476
0.695347 0.046351
0.696477 0.047225
0.694088 0.047543
0.701020 0.047225
0.692442 0.048100
0.700118 0.047146
0.691870 0.049213
0.689826 0.048020
0.697340 0.046192
0.704623 0.044125
0.704181 0.045715
0.694017 0.045317
0.702381 0.046112
0.708321 0.047702
0.697202 0.046589
0.699367 0.046192
0.699552 0.046271
0.697227 0.047384
0.704584 0.044840
0.707478 0.044363
0.712071 0.044522
0.694467 0.043171
0.699108 0.044125
0.714265 0.044443
0.701832 0.045079
0.694944 0.044602
0.682676 0.048656
0.704487 0.044681
0.687794 0.046669
0.696625 0.046192
0.684215 0.047225
0.695683 0.046192
0.685791 0.048895
0.686652 0.048656
0.693807 0.048020
0.689277 0.047066
0.695381 0.047225
0.692239 0.047384
0.687376 0.047702
0.692438 0.048020
0.698293 0.046589
0.704189 0.046987
0.695708 0.048020
0.699623 0.047305
0.704596 0.047305
0.693532 0.047464
0.703423 0.045476
0.701563 0.046112
0.697860 0.044999
0.685129 0.046589
0.696343 0.044045
0.702716 0.044602
0.708407 0.042773
0.707525 0.044999
0.695257 0.045079
0.710098 0.046351
0.696313 0.046510
0.696802 0.046510
0.708598 0.046510
0.696654 0.045317
0.696683 0.045317
0.709723 0.046828
0.693543 0.046589
0.704380 0.046589
0.693704 0.045238
0.696308 0.045635
0.700081 0.047543
0.696857 0.045794
0.695505 0.046271
0.700436 0.046828
0.704376 0.044920
0.698195 0.047702
0.689801 0.047146
0.685570 0.044840
0.695451 0.044999
0.703676 0.046510
0.696592 0.045953
0.698366 0.046748
0.700350 0.047702
0.693250 0.048259
0.699827 0.048259
0.706345 0.048815
0.702644 0.048974
0.693203 0.048815
0.687725 0.048020
0.706164 0.049054
0.698747 0.048020
0.694976 0.047782
0.692995 0.047305
0.706202 0.048577
0.708915 0.049292
0.695558 0.047066
0.708465 0.045874
0.700348 0.047305
0.699076 0.047225
0.702224 0.048815
0.691816 0.048179
0.694423 0.049133
0.707581 0.048577
0.695909 0.049054
0.702229 0.047702
0.692546 0.048736
0.708138 0.046987
0.700175 0.047066
0.708962 0.048815
0.711989 0.046987
0.697723 0.047782
0.693483 0.048100
0.696931 0.049292
0.695248 0.049928
0.692748 0.048815
0.689991 0.048815
0.685863 0.049849
0.696490 0.049292
0.684572 0.049213
0.687895 0.048974
0.697065 0.048815
0.702066 0.048577
0.688675 0.046271
0.704070 0.048815
0.696937 0.049054
0.699051 0.048100
0.703555 0.049213
0.717362 0.046987
0.708096 0.047941
0.708655 0.050008
0.726822 0.048179
0.708559 0.046589
0.710539 0.045556
0.711820 0.046430
0.709660 0.046907
0.712975 0.046192
0.711437 0.048100
0.714199 0.045794
0.716551 0.047146
0.723060 0.049928
0.708822 0.048100
0.707970 0.048179
0.720042 0.049054
0.715150 0.049133
0.706949 0.049928
0.696624 0.048179
0.707699 0.049610
0.705676 0.049451
0.702617 0.050644
0.703089 0.050008
0.707637 0.051439
0.699540 0.051519
0.701724 0.050882
0.713845 0.050564
0.704596 0.048259
0.700860 0.048338
0.702516 0.048020
0.705168 0.046510
0.703382 0.048497
0.711597 0.049292
0.709584 0.049451
0.697098 0.051519
0.697974 0.050564
0.700819 0.048100
0.697344 0.049690
0.700316 0.050882
0.710563 0.050803
0.716566 0.049690
0.694532 0.049292
0.698207 0.049928
0.703090 0.051280
0.709347 0.049133
0.701257 0.049213
0.690815 0.048974
0.697872 0.048338
0.694797 0.047305
0.686332 0.049213
0.674843 0.047941
0.679899 0.050008
0.696058 0.051439
0.698520 0.050962
0.687475 0.050803
0.695148 0.050008
0.697451 0.050485
0.699089 0.049531
0.697622 0.050962
0.678754 0.049451
0.690926 0.048418
0.686570 0.049690
0.688616 0.049133
0.685841 0.050246
0.688645 0.048179
0.686670 0.048259
0.694673 0.049849
0.693208 0.051837
0.685674 0.051519
0.689494 0.050246
0.680476 0.050564
0.705094 0.050326
0.702216 0.050723
0.690223 0.049610
0.703315 0.050326
0.704787 0.051598
0.701674 0.050246
0.701728 0.050167
0.701393 0.049849
0.704286 0.050167
0.699743 0.050962
0.701213 0.050644
0.690239 0.050485
0.688077 0.051678
0.700261 0.053188
0.688504 0.050882
0.686750 0.053188
0.693651 0.052314
0.700244 0.049054
0.699964 0.050882
0.699688 0.049133
0.696537 0.048656
0.686561 0.049451
0.684866 0.049372
0.683349 0.050008
0.691788 0.049531
0.701543 0.050803
0.711067 0.051837
0.698758 0.050485
0.704050 0.050485
0.693277 0.048179
0.693558 0.049451
0.696252 0.050405
0.698765 0.051280
0.704986 0.053506
0.696681 0.052075
0.695517 0.050167
0.684899 0.051837
0.678827 0.048736
0.682383 0.051916
0.682896 0.051280
0.694066 0.051996
0.700439 0.051360
0.698741 0.050405
0.697534 0.050246
0.693326 0.050564
0.703996 0.051042
0.702944 0.050882
0.703010 0.052950
0.694487 0.052632
0.702516 0.051042
0.695219 0.054540
0.684003 0.052552
0.695713 0.052155
0.698999 0.053427
0.691222 0.051042
0.694797 0.052155
0.703601 0.053427
0.706085 0.052870
0.695781 0.052552
0.691768 0.052075
0.697010 0.053824
0.691483 0.052711
0.692549 0.050962
0.704633 0.051042
0.705097 0.051837
0.693132 0.051280
0.706641 0.052711
0.704718 0.053188
0.697282 0.053904
0.699750 0.051916
0.689956 0.052552
0.688650 0.051201
0.689831 0.052711
0.694017 0.051598
0.687148 0.051360
0.701393 0.050564
0.706585 0.052552
0.688429 0.050326
0.687954 0.051837
0.685218 0.053109
0.694607 0.050962
0.698701 0.050882
0.696700 0.050962
0.701628 0.051121
0.698795 0.051598
0.700122 0.050008
0.713139 0.051757
0.709448 0.049451
0.708744 0.049849
0.698334 0.049292
0.698100 0.050087
0.692396 0.049133
0.690023 0.049531
0.683314 0.050962
0.686287 0.049849
0.702216 0.049133
0.692867 0.048895
0.685883 0.049610
0.676257 0.049292
0.687703 0.049133
0.691994 0.051121
0.684141 0.050723
0.688807 0.048895
0.698104 0.050962
0.697245 0.051439
0.701968 0.050008
0.693233 0.050087
0.683457 0.051519
0.690387 0.050882
0.685350 0.052234
0.681234 0.051042
0.689668 0.050803
0.691219 0.052393
0.688876 0.052234
0.683406 0.051201
0.699526 0.051439
0.699164 0.051042
0.698679 0.050803
0.693119 0.050326
0.696150 0.050803
0.704180 0.050564
0.697824 0.053824
0.686124 0.050485
0.687081 0.050246
0.690289 0.050564
0.677065 0.050882
0.681974 0.051757
0.684707 0.051519
0.693728 0.052314
0.671644 0.051042
0.676155 0.050803
0.674766 0.049531
0.673872 0.050644
0.684896 0.051121
0.689796 0.052473
0.699247 0.051360
0.703312 0.051916
0.705383 0.054142
0.695758 0.052791
0.690814 0.052950
0.698252 0.053904
0.691182 0.053427
0.685666 0.052393
0.687952 0.052234
0.680777 0.051042
0.686180 0.051201
0.695750 0.051598
0.698008 0.051201
0.703040 0.049213
0.685324 0.049928
0.684637 0.051439
0.684754 0.048895
0.671641 0.048497
0.674905 0.048736
0.680438 0.047861
0.688999 0.049610
0.687466 0.049690
0.677947 0.049054
0.684900 0.051996
0.693544 0.051201
0.703496 0.051280
0.695032 0.051678
0.680493 0.050962
0.685944 0.051201
0.682010 0.048338
0.686995 0.047066
0.670143 0.048974
0.686451 0.049054
0.684973 0.048497
0.688575 0.049213
0.681028 0.049849
0.683979 0.048895
0.688335 0.048020
0.685120 0.050485
0.684214 0.049292
0.694600 0.053029
0.689465 0.052552
0.679209 0.054301
0.682775 0.051996
0.685179 0.050803
0.694269 0.052075
0.694276 0.051201
0.703383 0.052393
0.696054 0.052393
0.692304 0.051042
0.693681 0.053188
0.699716 0.053824
0.703923 0.052711
0.698643 0.051439
0.694389 0.051598
0.707405 0.054301
0.713087 0.052155
0.707339 0.055255
0.704097 0.054937
0.691103 0.051837
0.691659 0.053029
0.689928 0.052870
0.694190 0.053745
0.694421 0.052791
0.694134 0.051996
0.690817 0.050405
0.693050 0.050644
0.698815 0.051280
0.705378 0.050803
0.701057 0.050962
0.703807 0.052393
0.706866 0.052314
0.701652 0.051916
0.697681 0.050803
0.689064 0.050564
0.686419 0.049769
0.705601 0.051837
0.708828 0.051201
0.699292 0.049769
0.699740 0.051360
0.691107 0.051916
0.700651 0.053427
0.695019 0.056130
0.693927 0.053824
0.690575 0.053745
0.699516 0.054699
0.681024 0.054619
0.692153 0.052711
0.694888 0.054699
0.691078 0.054301
0.688671 0.054222
0.699803 0.054619
0.705719 0.054222
0.694331 0.053506
0.700678 0.054937
0.708559 0.053745
0.699916 0.052870
0.697761 0.055017
0.696521 0.055017
0.678842 0.052632
0.693413 0.052711
0.688801 0.051360
0.681185 0.050723
0.678593 0.051201
0.686143 0.052632
0.670678 0.051996
0.679228 0.052314
0.684522 0.051996
0.673915 0.051201
0.668351 0.050962
0.686117 0.050803
0.671596 0.050485
0.683971 0.049531
0.690944 0.053586
0.686715 0.054142
0.686559 0.054063
0.681240 0.050564
0.689426 0.052791
0.680634 0.051757
0.686414 0.053427
0.682619 0.053347
0.685240 0.052075
0.691942 0.050803
0.685633 0.050723
0.691126 0.051201
0.684568 0.051439
0.690470 0.052155
0.691641 0.052155
0.686061 0.054619
0.680572 0.051519
0.687605 0.051201
0.691602 0.050008
0.682792 0.049610
0.692462 0.049610
0.685098 0.048179
0.689026 0.050008
0.688432 0.050564
0.700823 0.051678
0.701992 0.052155
0.694178 0.051757
0.688677 0.051678
0.683067 0.051757
0.675318 0.048577
0.679497 0.049531
0.690170 0.052950
0.684521 0.052155
0.695691 0.052950
0.702137 0.053427
0.687634 0.052314
0.674735 0.050723
0.687656 0.052552
0.688782 0.050723
0.689694 0.050485
0.692485 0.049610
0.676267 0.050008
0.669083 0.050723
0.669489 0.049849
0.676504 0.051439
0.664685 0.049928
0.685250 0.049928
0.675544 0.050962
0.683517 0.052314
0.681446 0.052314
0.678480 0.052791
0.665790 0.050882
0.664791 0.051042
0.663926 0.051121
0.674403 0.050564
0.666043 0.050405
0.688955 0.053268
0.695916 0.052473
0.688137 0.052393
0.683757 0.051996
0.671093 0.052791
0.669762 0.051360
0.670058 0.049928
0.685597 0.049451
0.683486 0.050485
0.671476 0.051042
0.675065 0.049133
0.680020 0.049054
0.675190 0.050962
0.675556 0.050485
0.671695 0.050485
0.682603 0.050564
0.677687 0.048497
0.677314 0.050723
0.675911 0.049531
0.679574 0.048974
0.687865 0.050485
0.692394 0.049769
0.691706 0.049610
0.695262 0.049769
0.702491 0.049849
0.694988 0.051360
0.689686 0.052314
0.688637 0.050564
0.693439 0.049292
0.693721 0.049372
0.708702 0.050644
0.696113 0.050167
0.694228 0.051042
0.695497 0.051837
0.701471 0.051519
0.692048 0.052791
0.696648 0.052632
0.700734 0.050962
0.693646 0.051280
0.696327 0.053347
0.693460 0.054381
0.695866 0.053029
0.709667 0.054301
0.687412 0.053188
0.669987 0.051598
0.689646 0.054222
0.685253 0.053268
0.688284 0.052711
0.693402 0.052314
0.690739 0.050962
0.683891 0.050326
0.677677 0.050564
0.684078 0.051201
0.687597 0.051757
0.684187 0.053347
0.678943 0.052234
0.687167 0.052393
0.685616 0.051996
0.686385 0.050723
0.696642 0.050962
0.693088 0.053347
0.690143 0.052950
0.687146 0.052791
0.685703 0.054381
0.689867 0.054381
0.685233 0.054937
0.682263 0.053665
0.690500 0.051678
0.688233 0.051519
0.701869 0.052791
0.694533 0.051360
0.686554 0.053506
0.687961 0.052234
0.680698 0.051360
0.688893 0.052393
0.682883 0.052234
0.683191 0.050008
0.689416 0.051757
0.685244 0.051360
0.681347 0.051678
0.681471 0.050723
0.685797 0.050882
0.670691 0.050246
0.678066 0.051598
0.692622 0.051678
0.673905 0.051042
0.680515 0.052393
0.676655 0.050962
0.674692 0.050882
0.676490 0.051280
0.678836 0.051598
0.676589 0.052234
0.675475 0.051439
0.677720 0.052473
0.679223 0.053109
0.686476 0.052552
0.682982 0.053029
0.691612 0.052393
0.690521 0.053188
0.689665 0.052632
0.679306 0.053029
0.687028 0.053109
0.677726 0.053586
0.677118 0.053745
0.686474 0.053188
0.683114 0.053824
0.682070 0.053109
0.687292 0.053904
0.681092 0.054699
0.678708 0.052314
0.669975 0.051439
0.665277 0.049054
0.670973 0.051757
0.671506 0.051916
0.668573 0.052950
0.667102 0.052711
0.672744 0.049769
0.676260 0.051519
0.678589 0.050246
0.675929 0.051757
0.677256 0.051201
0.683075 0.049372
0.683765 0.049531
0.681405 0.051837
0.692287 0.050167
0.689892 0.051280
0.692948 0.049690
0.687886 0.051996
0.683531 0.050723
0.679581 0.051439
0.677966 0.051280
0.686474 0.052711
0.678403 0.052711
0.679848 0.052393
0.689628 0.053109
0.686556 0.051757
0.694115 0.053347
0.690413 0.050882
0.683246 0.051280
0.698313 0.050564
0.690101 0.052711
0.678092 0.053188
0.679295 0.053586
0.674311 0.053109
0.686814 0.051757
0.680472 0.051519
0.679278 0.050962
0.670455 0.051837
0.679251 0.051201
0.682927 0.052950
0.679856 0.051598
0.677714 0.050962
0.693545 0.051042
0.675960 0.050564
0.676504 0.051519
0.683369 0.053268
0.687955 0.051280
0.694190 0.051996
0.688781 0.050962
0.689462 0.052075
0.686335 0.050564
0.689163 0.051519
0.681877 0.051757
0.683849 0.051042
0.684440 0.053745
0.670035 0.051837
0.672751 0.053665
0.676513 0.052632
0.676426 0.050803
0.669237 0.050246
0.671045 0.050803
0.677812 0.051519
0.675977 0.051996
0.664063 0.052155
0.662819 0.052075
0.669886 0.050644
0.666279 0.051757
0.673007 0.050962
0.676074 0.050326
0.672257 0.050167
0.676839 0.049769
0.682626 0.050087
0.684160 0.050008
0.683322 0.051360
0.675176 0.049372
0.674516 0.050882
0.670836 0.050326
0.669719 0.050962
0.679632 0.051439
0.690396 0.051360
0.700944 0.050882
0.689446 0.050803
0.672143 0.051042
0.663970 0.049610
0.677732 0.049213
0.666137 0.050167
0.664453 0.048736
0.657314 0.050246
0.665241 0.049213
0.671253 0.050326
0.659641 0.050246
0.652836 0.049769
0.659987 0.049610
0.656786 0.050326
0.650180 0.050962
0.648276 0.050723
0.660230 0.048577
0.657946 0.048895
0.656365 0.049133
0.661568 0.047861
0.649780 0.050405
0.659807 0.046987
0.670157 0.046828
0.655052 0.048895
0.663988 0.049849
0.657135 0.049133
0.653753 0.049372
0.664751 0.046907
0.667625 0.048259
0.663631 0.048338
0.663033 0.047782
0.660170 0.048259
0.667189 0.050485
0.671103 0.048418
0.670834 0.047941
0.672261 0.045953
0.673866 0.046748
0.676672 0.046987
0.671112 0.047464
0.670926 0.047305
0.679492 0.048736
0.668821 0.047941
0.673231 0.049531
0.676252 0.050246
0.667378 0.047782
0.666229 0.048418
0.662236 0.049451
0.658987 0.049849
0.662846 0.050087
0.670145 0.051042
0.676022 0.047782
0.679845 0.048577
0.689247 0.048895
0.675082 0.047702
0.672299 0.048100
0.676055 0.049451
0.676731 0.049928
0.679952 0.049849
0.671579 0.050246
0.685003 0.048020
0.678413 0.049769
0.666975 0.050803
0.677730 0.051678
0.670017 0.052552
0.668775 0.050246
0.666444 0.049928
0.669822 0.050167
0.674663 0.050167
0.677548 0.051757
0.669315 0.051996
0.670319 0.049928
0.671976 0.050008
0.669447 0.051678
0.670449 0.049610
0.670468 0.050962
0.672893 0.050644
0.668895 0.050008
0.667045 0.049292
0.670058 0.048895
0.667902 0.049054
0.665881 0.050326
0.663301 0.051360
0.672093 0.051360
0.667663 0.050167
0.669552 0.052473
0.663314 0.049372
0.658884 0.048736
0.670633 0.051201
0.671657 0.049769
0.663923 0.050167
0.662781 0.052632
0.663687 0.050087
0.664423 0.051837
0.660143 0.049769
0.654640 0.053029
0.647250 0.051678
0.655415 0.051757
0.658669 0.050962
0.660010 0.051121
0.660182 0.051439
0.662277 0.050962
0.663064 0.050962
0.664302 0.050167
0.654912 0.050723
0.663259 0.051360
0.655779 0.052870
0.660209 0.051598
0.652742 0.049451
0.660603 0.050803
0.662870 0.050326
0.652522 0.051121
0.660631 0.052393
0.665232 0.051121
0.662930 0.053029
0.656197 0.052950
0.665059 0.051121
0.663169 0.053109
0.656899 0.051916
0.668059 0.051439
0.677970 0.050167
0.678469 0.049451
0.670384 0.050087
0.672548 0.050167
0.664489 0.050008
0.664556 0.049531
0.667057 0.048815
0.666068 0.051042
0.673699 0.051757
0.669242 0.050803
0.670840 0.052950
0.665646 0.051916
0.659095 0.051121
0.667432 0.051121
0.675709 0.049849
0.665218 0.050326
0.670441 0.051916
0.682422 0.050008
0.672019 0.051360
0.670119 0.051598
0.665866 0.051280
0.663200 0.050803
0.659213 0.050087
0.672742 0.049849
0.678251 0.050723
0.666997 0.050564
0.659424 0.050008
0.667273 0.049133
0.674529 0.051519
0.675061 0.050485
0.672311 0.051519
0.668947 0.054222
0.671290 0.052870
0.660159 0.051916
0.664131 0.053665
0.669963 0.051360
0.661487 0.051201
0.655484 0.052711
0.667928 0.050405
0.670130 0.051121
0.663422 0.051360
0.660908 0.050087
0.662748 0.049690
0.655708 0.050564
0.663698 0.048974
0.660194 0.050008
0.667355 0.050644
0.664623 0.050803
0.664845 0.048736
0.669807 0.049054
0.663646 0.050485
0.671437 0.049372
0.657763 0.051439
0.666830 0.049610
0.675533 0.048020
0.680576 0.049372
0.668450 0.050087
0.665995 0.049451
0.655930 0.050962
0.654694 0.050008
0.655079 0.050882
0.658252 0.050564
0.668953 0.050326
0.655675 0.050326
0.660650 0.051678
0.655765 0.050962
0.662547 0.050723
0.663874 0.049610
0.652671 0.052075
0.662480 0.050485
0.674645 0.050644
0.669896 0.047702
0.654121 0.047941
0.660668 0.049769
0.658660 0.052155
0.667466 0.051757
0.666932 0.050167
0.665386 0.049849
0.659952 0.050644
0.670137 0.050087
0.661536 0.051121
0.660802 0.051837
0.668018 0.051439
0.662323 0.050803
0.679914 0.051042
0.660454 0.051280
0.648691 0.050008
0.655072 0.049451
0.661903 0.049610
0.658250 0.051280
0.659335 0.049928
0.657601 0.051121
0.660704 0.050564
0.660580 0.049213
0.663361 0.050564
0.663170 0.049610
0.657184 0.048895
0.660736 0.048418
0.670448 0.049372
0.676488 0.049451
0.672262 0.050246
0.673796 0.049213
0.677010 0.049372
0.664648 0.050008
0.663271 0.051280
0.667039 0.051360
0.665577 0.050405
0.663140 0.051360
0.677364 0.051201
0.670383 0.051837
0.665797 0.051121
0.658860 0.052632
0.654735 0.051996
0.660408 0.050962
0.669074 0.051280
0.655296 0.050485
0.661657 0.049928
0.659313 0.047941
0.657619 0.049769
0.655981 0.051678
0.650088 0.052393
0.653336 0.051201
0.663666 0.050564
0.661060 0.051996
0.659713 0.051837
0.649657 0.052314
0.642580 0.051360
0.641754 0.053109
0.650721 0.052632
0.652819 0.047861
0.661537 0.051121
0.658335 0.050882
0.643629 0.050246
0.635120 0.052155
0.647178 0.049690
0.645540 0.049769
0.647549 0.051598
0.649932 0.050485
0.649762 0.049451
0.648095 0.048736
0.643870 0.049213
0.650483 0.046987
0.647087 0.050962
0.640608 0.052075
0.643294 0.051519
0.650794 0.050485
0.651313 0.052234
0.650067 0.050326
0.645387 0.050485
0.642840 0.052870
0.645601 0.053745
0.651253 0.051916
0.651679 0.053347
0.654671 0.052473
0.663371 0.050485
0.657997 0.050882
0.654703 0.050803
0.653647 0.050803
0.662049 0.052711
0.659292 0.051996
0.663391 0.051280
0.663667 0.049928
0.661877 0.051042
0.664259 0.050485
0.667473 0.052870
0.665281 0.050167
0.665679 0.049849
0.662035 0.051598
0.648035 0.052075
0.651450 0.050962
0.653581 0.051201
0.668514 0.051201
0.665352 0.051519
0.651391 0.050723
0.658949 0.049213
0.658283 0.050405
0.652081 0.048179
0.655042 0.048974
0.664133 0.049690
0.659849 0.048179
0.657943 0.047066
0.648599 0.049372
0.669103 0.049372
0.674949 0.049292
0.661903 0.047305
0.665080 0.048656
0.661957 0.048418
0.664662 0.050485
0.657094 0.049928
0.657626 0.050485
0.658580 0.047305
0.659972 0.047305
0.671366 0.047464
0.669647 0.049133
0.664109 0.049292
0.663580 0.049928
0.656616 0.049769
0.660870 0.050485
0.659526 0.049451
0.671895 0.050882
0.664825 0.050723
0.663667 0.051121
0.683631 0.050723
0.674283 0.051916
0.669381 0.049610
0.673230 0.054540
0.670462 0.052791
0.660594 0.049769
0.664845 0.051519
0.665003 0.050644
0.673972 0.050882
0.665477 0.049531
0.665350 0.051678
0.651938 0.049928
0.656367 0.051519
0.657230 0.050962
0.646594 0.051757
0.650699 0.052393
0.647186 0.052075
0.648866 0.051678
0.653432 0.051121
0.663025 0.049451
0.661979 0.049292
0.655697 0.050326
0.655184 0.050962
0.668166 0.051996
0.671723 0.050485
0.668846 0.051678
0.659393 0.051042
0.656554 0.051598
0.654949 0.051996
0.648304 0.051996
0.660792 0.052552
0.655350 0.053347
0.659064 0.052393
0.650837 0.052473
0.659699 0.052393
0.664497 0.051757
0.665621 0.050962
0.664212 0.051598
0.668169 0.051439
0.655077 0.051916
0.649695 0.053427
0.655476 0.053586
0.655658 0.052075
0.650596 0.052075
0.651449 0.050644
0.661776 0.051996
0.657669 0.049928
0.663619 0.049849
0.673063 0.048577
0.675105 0.049133
0.674766 0.048895
0.670425 0.051598
0.667412 0.050326
0.660634 0.052314
0.668639 0.052552
0.666081 0.053665
0.674061 0.052632
0.667052 0.053188
0.670235 0.055096
0.675102 0.052950
0.687400 0.051757
0.683728 0.050564
0.673176 0.052950
0.667637 0.051519
0.661346 0.052234
0.666005 0.050644
0.664940 0.054540
0.667181 0.053904
0.655225 0.053745
0.663212 0.052552
0.666620 0.053029
0.669230 0.049531
0.662739 0.050167
0.662486 0.049610
0.661004 0.050485
0.667458 0.053347
0.668161 0.052473
0.675523 0.053268
0.669529 0.053427
0.669398 0.052632
0.674259 0.052393
0.684983 0.052075
0.671279 0.052155
0.662335 0.050803
0.670682 0.054937
0.672324 0.055335
0.668882 0.052950
0.649720 0.053745
0.655580 0.052393
0.660676 0.052393
0.667721 0.053745
0.676249 0.054301
0.669352 0.052711
0.671652 0.053109
0.667268 0.052711
0.666567 0.051678
0.667749 0.051360
0.670542 0.052393
0.673135 0.052393
0.666071 0.054381
0.668969 0.055414
0.667936 0.054858
0.661609 0.053268
0.662951 0.053506
0.664905 0.052552
0.669890 0.053824
0.660601 0.055096
0.669809 0.054699
0.656785 0.054619
0.655543 0.054222
0.651063 0.053347
0.661685 0.052075
0.660749 0.054619
0.660553 0.051678
0.660630 0.052393
0.665831 0.053506
0.661367 0.052314
0.666978 0.055335
0.664966 0.055414
0.665372 0.053824
0.670186 0.055573
0.665227 0.054142
0.662698 0.053983
0.663847 0.054222
0.653431 0.054222
0.654636 0.053506
0.651513 0.055176
0.658166 0.053665
0.655434 0.052950
0.647693 0.052870
0.650364 0.051757
0.663372 0.053427
0.664804 0.052234
0.661986 0.054142
0.672812 0.053188
0.663334 0.051837
0.653687 0.053188
0.655418 0.051439
0.661472 0.053427
0.668081 0.052155
0.671242 0.052870
0.674625 0.054778
0.671137 0.054460
0.666661 0.054063
0.657688 0.055176
0.663727 0.056527
0.662564 0.052473
0.656750 0.051916
0.645050 0.050167
0.651169 0.052711
0.658616 0.053665
0.666258 0.052155
0.668047 0.055176
0.667883 0.050882
0.655703 0.051439
0.659795 0.052473
0.660876 0.050644
0.662896 0.052791
0.662960 0.051996
0.659662 0.055255
0.654968 0.053109
0.653951 0.052950
0.654475 0.054778
0.663517 0.055017
0.651674 0.055176
0.649354 0.055494
0.645116 0.055255
0.646521 0.053188
0.647667 0.054937
0.649705 0.055096
0.657291 0.053745
0.660558 0.054142
0.651282 0.053109
0.651154 0.053029
0.652067 0.053029
0.651669 0.052632
0.651260 0.052075
0.648907 0.052155
0.666623 0.054222
0.664410 0.051996
0.650765 0.052711
0.659032 0.051439
0.653441 0.051280
0.647503 0.051439
0.648849 0.051439
0.646090 0.048815
0.640449 0.047305
0.654231 0.049610
0.661381 0.051121
0.665377 0.051996
0.662256 0.054540
0.662115 0.053427
0.659573 0.051996
0.664238 0.051439
0.653154 0.052711
0.648327 0.052393
0.647929 0.053506
0.656230 0.054142
0.664435 0.054142
0.670797 0.057402
0.666537 0.054937
0.658965 0.056368
0.656413 0.056209
0.661030 0.055255
0.658560 0.053745
0.656197 0.054778
0.665661 0.053268
0.672752 0.054381
0.663597 0.054619
0.663693 0.053109
0.656057 0.049928
0.649207 0.053904
0.642589 0.054858
0.647699 0.056209
0.656888 0.056448
0.654708 0.055653
0.652266 0.056607
0.648355 0.056607
0.648328 0.056925
0.648605 0.055812
0.649683 0.055573
0.639867 0.051519
0.637103 0.050485
0.643371 0.049769
0.645502 0.048418
0.638068 0.051439
0.639302 0.053506
0.639048 0.049133
0.636319 0.051757
0.641528 0.050644
0.650555 0.050644
0.665674 0.051519
0.665955 0.051757
0.662732 0.050803
0.650619 0.047305
0.647737 0.045874
0.649291 0.046748
0.648126 0.049213
0.648704 0.049451
0.650282 0.049054
0.658380 0.050246
0.671116 0.054778
0.659520 0.053268
0.663721 0.051916
0.663055 0.053347
0.654136 0.052473
0.655886 0.051598
0.658776 0.054142
0.656033 0.053904
0.653992 0.053109
0.658496 0.053268
0.659082 0.052711
0.655634 0.050962
0.654165 0.051121
0.656490 0.051837
0.652106 0.050803
0.652075 0.052155
0.670480 0.052791
0.660530 0.052791
0.652920 0.054540
0.652362 0.055494
0.648746 0.053347
0.649933 0.052393
0.655367 0.052393
0.648254 0.052711
0.647314 0.053745
0.655962 0.053745
0.649815 0.054381
0.669031 0.057163
0.658246 0.054540
0.654872 0.053427
0.651887 0.054063
0.646807 0.054619
0.647754 0.052314
0.649595 0.050803
0.658630 0.055812
0.657130 0.053586
0.653622 0.054540
0.642237 0.052632
0.642624 0.055096
0.649867 0.053188
0.651133 0.054540
0.645735 0.050246
0.652300 0.051280
0.648058 0.050167
0.650629 0.049054
0.656761 0.048497
0.656076 0.052552
0.653815 0.051757
0.657547 0.049849
0.654301 0.050564
0.651624 0.049928
0.650253 0.051837
0.652956 0.054063
0.652318 0.056050
0.650828 0.053904
0.645989 0.053904
0.637661 0.051439
0.646388 0.055017
0.645146 0.056607
0.645872 0.057481
0.644562 0.055891
0.638733 0.053586
0.642261 0.052075
0.654330 0.053347
0.656644 0.053347
0.655441 0.053268
0.658783 0.050723
0.659451 0.051598
0.656462 0.052791
0.658071 0.053506
0.652788 0.051439
0.653894 0.052632
0.645383 0.053506
0.634267 0.050882
0.640278 0.051201
0.640218 0.052791
0.646230 0.053745
0.643342 0.053188
0.650285 0.054301
0.646075 0.055335
0.644855 0.050962
0.645959 0.049531
0.644372 0.050803
0.647913 0.049928
0.634587 0.050087
0.643357 0.049928
0.644435 0.050167
0.660787 0.049690
0.652930 0.049849
0.645529 0.051042
0.653838 0.050167
0.659012 0.051439
0.643206 0.054619
0.639225 0.053824
0.643710 0.050485
0.635116 0.050326
0.634770 0.053904
0.636372 0.053904
0.639939 0.053029
0.637688 0.052075
0.636983 0.055494
0.652185 0.054540
0.653032 0.055255
0.660596 0.052632
0.653614 0.052791
0.653849 0.051678
0.637994 0.052473
0.641029 0.051757
0.645151 0.051837
0.645338 0.053904
0.644423 0.052632
0.639187 0.052473
0.644815 0.053904
0.644364 0.054381
0.645325 0.053586
0.648212 0.053268
0.638214 0.053665
0.645640 0.052632
0.645228 0.053427
0.635747 0.053347
0.641848 0.051360
0.636559 0.053427
0.642058 0.052155
0.644578 0.055255
0.643173 0.055096
0.647749 0.053427
0.646350 0.053824
0.644322 0.052711
0.647596 0.057402
0.650134 0.055494
0.642255 0.054619
0.650413 0.054222
0.645089 0.054381
0.642278 0.055573
0.644482 0.052234
0.643673 0.053904
0.643165 0.052870
0.643814 0.052950
0.636260 0.052155
0.637763 0.053506
0.644472 0.050723
0.642915 0.051280
0.641161 0.052552
0.644693 0.052314
0.649965 0.051598
0.643944 0.052075
0.648507 0.051121
0.641180 0.053188
0.636162 0.052552
0.645117 0.050962
0.639572 0.053188
0.651972 0.051439
0.632966 0.054301
0.644078 0.053029
0.643486 0.055891
0.641381 0.055573
0.647173 0.057481
0.641801 0.054937
0.639456 0.053586
0.650293 0.053427
0.652192 0.055255
0.654856 0.055891
0.658673 0.054540
0.657029 0.053586
0.657783 0.055096
0.654664 0.052870
0.642108 0.051439
0.641981 0.051598
0.639983 0.052393
0.651925 0.052473
0.651810 0.051757
0.651556 0.051201
0.652235 0.051360
0.654881 0.054619
0.655649 0.053109
0.646833 0.051916
0.656141 0.051837
0.655821 0.050723
0.655211 0.049610
0.653764 0.051439
0.642524 0.051519
0.649189 0.054142
0.642845 0.055017
0.644661 0.054937
0.638522 0.054778
0.641564 0.052552
0.658137 0.055255
0.649918 0.056686
0.655308 0.053586
0.657998 0.054222
0.641054 0.052155
0.648662 0.055096
0.641909 0.053983
0.662438 0.053983
0.662618 0.055096
0.658802 0.056925
0.654491 0.058038
0.657073 0.058753
0.640698 0.056607
0.644705 0.055971
0.659214 0.055653
0.663327 0.054937
0.658428 0.053904
0.656047 0.053745
0.660574 0.051360
0.667620 0.052155
0.647239 0.053427
0.661443 0.056209
0.663214 0.056050
0.654889 0.056527
0.648440 0.053268
0.649960 0.051837
0.648528 0.054699
0.653886 0.057163
